323472500001 35941388889
293998750001 293998750001
59273750001 59273750001
339627500001 113209166667
426661250001 60951607143
288576250001 288576250001
74498750001 8277638889
188830000001 188830000001
56087500001 56087500001
513498750001 513498750001
35736250001 35736250001
235385000001 26153888889
189220000001 189220000001
406490000001 406490000001
162396250001 162396250001
285326250001 285326250001
408950000001 136316666667
229362500001 229362500001
203345000001 67781666667
516295000001 516295000001
258312500001 86104166667
390258750001 390258750001
528543750001 528543750001
51491250001 51491250001
418488750001 418488750001
131366250001 131366250001
108388750001 108388750001
228372500001 228372500001
509302500001 509302500001
100866250001 100866250001
362035000001 362035000001
495117500001 495117500001
496323750001 496323750001
322092500001 322092500001
55357500001 55357500001
200828750001 200828750001
138308750001 46102916667
307487500001 307487500001
278483750001 30942638889
393325000001 393325000001
227972500001 227972500001
47855000001 47855000001
196112500001 196112500001
227562500001 227562500001
134682500001 19240357143
362665000001 362665000001
122003750001 17429107143
47695000001 47695000001
158230000001 158230000001
371027500001 371027500001
436483750001 436483750001
84521250001 84521250001
86787500001 86787500001
272441250001 272441250001
142295000001 142295000001
405483750001 405483750001
356528750001 356528750001
411926250001 411926250001
195872500001 195872500001
210041250001 210041250001
134712500001 134712500001
261768750001 261768750001
95320000001 95320000001
47245000001 47245000001
350946250001 350946250001
72202500001 72202500001
261738750001 261738750001
395981250001 395981250001
115491250001 115491250001
215363750001 215363750001
451878750001 451878750001
157760000001 1947654321
141745000001 12885909091
46078750001 46078750001
360125000001 40013888889
192666250001 192666250001
7206250001 7206250001
3370000001 3370000001
214037500001 214037500001
115951250001 115951250001
377430000001 377430000001
113921250001 113921250001
490501250001 54500138889
436823750001 436823750001
256426250001 256426250001
13618750001 13618750001
234108750001 234108750001
269495000001 89831666667
180027500001 180027500001
145101250001 145101250001
260852500001 260852500001
350606250001 350606250001
31650000001 31650000001
63100000001 63100000001
449052500001 449052500001
513208750001 513208750001
360495000001 360495000001
468023750001 52002638889
375770000001 375770000001
441566250001 441566250001
80185000001 80185000001
206365000001 206365000001
349686250001 349686250001
290382500001 290382500001
134132500001 134132500001
403733750001 403733750001
302781250001 302781250001
234715000001 234715000001
40782500001 4531388889
166792500001 166792500001
102312500001 102312500001
142635000001 142635000001
212357500001 212357500001
61183750001 61183750001
243317500001 243317500001
356938750001 356938750001
212477500001 212477500001
414742500001 414742500001
480758750001 160252916667
267195000001 267195000001
517725000001 517725000001
401707500001 401707500001
169158750001 169158750001
38436250001 38436250001
114571250001 38190416667
283100000001 1675147929
310003750001 310003750001
150617500001 150617500001
220230000001 220230000001
114941250001 114941250001
77748750001 77748750001
223336250001 24815138889
180427500001 10613382353
176911250001 176911250001
6246250001 6246250001
21001250001 21001250001
59023750001 59023750001
234805000001 234805000001
117887500001 117887500001
304081250001 304081250001
12538750001 12538750001
103642500001 103642500001
60183750001 60183750001
19921250001 19921250001
178501250001 178501250001
381246250001 381246250001
461377500001 461377500001
249083750001 249083750001
255886250001 255886250001
62453750001 62453750001
82211250001 82211250001
301241250001 301241250001
103782500001 34594166667
452458750001 452458750001
314240000001 314240000001
497863750001 497863750001
408340000001 408340000001
406760000001 406760000001
77058750001 77058750001
148021250001 148021250001
32480000001 3608888889
341413750001 341413750001
529393750001 529393750001
351496250001 117165416667
375740000001 125246666667
358468750001 358468750001
525037500001 525037500001
151987500001 151987500001
48435000001 48435000001
81595000001 81595000001
200808750001 200808750001
503070000001 503070000001
293838750001 293838750001
13668750001 13668750001
75208750001 10744107143
377630000001 125876666667
445086250001 445086250001
508102500001 508102500001
187283750001 187283750001
217603750001 217603750001
102762500001 102762500001
205575000001 205575000001
426601250001 142200416667
453395000001 453395000001
412506250001 412506250001
385332500001 385332500001
436873750001 436873750001
121933750001 121933750001
278873750001 278873750001
477652500001 477652500001
58477500001 58477500001
335421250001 335421250001
435773750001 435773750001
126830000001 126830000001
231698750001 231698750001
215283750001 215283750001
266995000001 266995000001
418628750001 418628750001
425575000001 425575000001
488591250001 488591250001
