1 1 2 3 6
2 2 3 2 6
3 3 2 5 30
4 2 5 6 30
5 5 6 7 210
6 6 7 2 42
7 7 2 3 42
8 2 3 10 30
9 3 10 11 330
10 10 11 6 330
11 11 6 13 858
12 6 13 14 546
13 13 14 15 2730
14 14 15 2 210
15 15 2 17 510
16 2 17 6 102
17 17 6 19 1938
18 6 19 10 570
19 19 10 21 3990
20 10 21 22 2310
21 21 22 23 10626
22 22 23 6 1518
23 23 6 5 690
24 6 5 26 390
25 5 26 3 390
26 26 3 14 546
27 3 14 29 1218
28 14 29 30 6090
29 29 30 31 26970
30 30 31 2 930
31 31 2 33 2046
32 2 33 34 1122
33 33 34 35 39270
34 34 35 6 3570
35 35 6 37 7770
36 6 37 38 4218
37 37 38 39 54834
38 38 39 10 7410
39 39 10 41 15990
40 10 41 42 8610
41 41 42 43 74046
42 42 43 22 19866
43 43 22 15 14190
44 22 15 46 7590
45 15 46 47 32430
46 46 47 6 6486
47 47 6 7 1974
48 6 7 10 210
49 7 10 51 3570
50 10 51 26 6630
51 51 26 53 70278
52 26 53 6 4134
53 53 6 55 17490
54 6 55 14 2310
55 55 14 57 43890
56 14 57 58 23142
57 57 58 59 195054
58 58 59 30 51330
59 59 30 61 107970
60 30 61 62 56730
61 61 62 21 79422
62 62 21 2 1302
63 21 2 65 2730
64 2 65 66 4290
65 65 66 67 287430
66 66 67 34 75174
67 67 34 69 157182
68 34 69 70 82110
69 69 70 71 342930
70 70 71 6 14910
71 71 6 73 31098
72 6 73 74 16206
73 73 74 15 81030
74 74 15 38 21090
75 15 38 77 43890
76 38 77 78 114114
77 77 78 79 474474
78 78 79 10 30810
79 79 10 3 2370
80 10 3 82 1230
81 3 82 83 20418
82 82 83 42 142926
83 83 42 85 296310
84 42 85 86 153510
85 85 86 87 635970
86 86 87 22 82302
87 87 22 89 170346
88 22 89 30 29370
89 89 30 91 242970
90 30 91 46 62790
91 91 46 93 389298
92 46 93 94 201066
93 93 94 95 830490
94 94 95 6 26790
95 95 6 97 55290
96 6 97 14 4074
97 97 14 33 44814
98 14 33 10 2310
99 33 10 101 33330
100 10 101 102 51510
101 101 102 103 1061106
102 102 103 26 136578
103 103 26 105 281190
104 26 105 106 144690
105 105 106 107 1190910
106 106 107 6 34026
107 107 6 109 69978
108 6 109 110 35970
109 109 110 111 1330890
110 110 111 14 85470
111 111 14 113 175602
112 14 113 114 90174
113 113 114 115 1481430
114 114 115 58 380190
115 115 58 39 260130
116 58 39 118 133458
117 39 118 119 547638
118 118 119 30 210630
119 119 30 11 39270
120 30 11 122 20130
121 11 122 123 165066
122 122 123 62 465186
123 123 62 5 38130
124 62 5 42 6510
125 5 42 127 26670
126 42 127 2 5334
127 127 2 129 32766
128 2 129 130 16770
129 129 130 131 2196870
130 130 131 66 561990
131 131 66 133 1149918
132 66 133 134 588126
133 133 134 15 267330
134 134 15 34 34170
135 15 34 137 69870
136 34 137 138 321402
137 137 138 139 2627934
138 138 139 70 671370
139 139 70 141 1371930
140 70 141 142 700770
141 141 142 143 2863146
142 142 143 6 60918
143 143 6 145 124410
144 6 145 146 63510
145 145 146 21 444570
146 146 21 74 113442
147 21 74 149 231546
148 74 149 30 165390
149 149 30 151 674970
150 30 151 38 86070
151 151 38 51 292638
152 38 51 154 149226
153 51 154 155 1217370
154 154 155 78 930930
155 155 78 157 1898130
156 78 157 158 967434
158 158 159 10 125610
159 159 10 161 255990
160 10 161 6 4830
161 161 6 163 157458
162 6 163 82 40098
163 163 82 165 2205390
164 82 165 166 1122990
166 166 167 42 582162
167 167 42 13 91182
168 42 13 170 46410
169 13 170 57 125970
170 170 57 86 416670
171 57 86 173 848046
172 86 173 174 1294386
173 173 174 35 1053570
174 174 35 22 66990
175 35 22 177 136290
176 22 177 178 346566
178 178 179 30 477930
179 179 30 181 971970
180 30 181 182 494130
182 182 183 46 766038
183 183 46 185 1557330
184 46 185 186 791430
186 186 187 94 1634754
187 187 94 21 369138
188 94 21 190 187530
189 21 190 191 762090
190 190 191 6 108870
191 191 6 193 221178
192 6 193 194 112326
194 194 195 14 264810
195 195 14 197 537810
196 14 197 66 91014
197 197 66 199 2587398
198 66 199 10 65670
199 199 10 201 399990
200 10 201 202 203010
202 202 203 102 2091306
204 102 205 206 2153730
205 205 206 69 2913870
206 206 69 26 184782
207 69 26 209 374946
208 26 209 210 570570
210 210 211 106 2348430
212 106 213 214 2415846
214 214 215 6 138030
215 215 6 217 279930
216 6 217 218 141918
218 218 219 110 2625810
220 110 221 222 2698410
222 222 223 14 346542
223 223 14 15 46830
224 14 15 226 23730
225 15 226 227 769530
226 226 227 114 2924214
230 230 231 58 1540770
232 58 233 78 527046
234 78 235 118 1081470
238 238 239 30 853230
239 239 30 241 1727970
240 30 241 22 79530
241 241 22 3 15906
242 22 3 122 4026
243 3 122 35 12810
244 122 35 246 525210
245 35 246 247 2126670
246 246 247 62 1883622
248 62 249 10 77190
249 249 10 251 624990
250 10 251 42 52710
251 251 42 253 2667126
252 42 253 254 1349502
254 254 255 2 64770
255 255 2 257 131070
256 2 257 258 66306
259 259 130 87 2929290
260 130 87 262 1481610
262 262 263 66 2273898
264 66 265 266 2326170
268 134 269 30 540690
269 269 30 271 2186970
270 30 271 34 138210
271 271 34 273 2515422
272 34 273 274 1271634
274 274 55 138 1039830
275 55 138 277 2102430
278 278 93 70 904890
279 93 70 281 1829310
280 70 281 282 2773470
286 286 287 6 246246
287 287 6 17 29274
288 6 17 290 14790
289 17 290 291 1434630
292 146 293 42 898338
294 42 295 74 458430
295 295 74 33 720390
296 74 33 298 363858
297 33 298 299 2940366
298 298 299 30 1336530
299 299 30 301 2699970
300 30 301 302 1363530
302 302 303 38 1738614
304 38 305 102 591090
306 102 307 154 2411178
314 314 105 158 2604630
318 318 319 10 507210
319 319 10 321 1023990
320 10 321 322 516810
322 322 323 6 312018
323 323 6 65 125970
324 6 65 326 63570
334 334 335 42 2349690
336 42 337 26 184002
337 337 26 339 2970318
338 26 339 170 749190
341 341 114 7 272118
342 114 7 86 34314
343 7 86 345 207690
348 174 349 70 2125410
349 349 70 39 952770
350 70 39 22 30030
351 39 22 353 302874
352 22 353 354 1374582
358 358 359 30 1927830
359 359 30 19 204630
360 30 19 362 103170
361 19 362 33 226974
362 362 33 182 1087086
363 33 182 365 2192190
367 367 46 123 2076486
368 46 123 370 1046730
373 373 374 15 2092530
374 374 15 94 263670
375 15 94 377 531570
376 94 377 42 744198
378 42 379 190 1512210
382 382 383 6 438918
383 383 6 385 884730
384 6 385 386 445830
390 390 391 14 1067430
391 391 14 393 2151282
392 14 393 394 1083894
398 398 399 10 794010
399 399 10 401 1599990
400 10 401 402 806010
403 403 202 15 1221090
404 202 15 406 615090
405 15 406 407 2478630
414 138 415 26 744510
416 26 417 418 2265978
423 141 106 85 1270410
424 106 85 426 1919130
430 430 431 6 555990
431 431 6 433 1119738
432 6 433 434 563766
439 439 110 21 1014090
440 110 21 442 510510
446 446 447 14 1395534
447 447 14 449 2809842
448 14 449 30 94290
450 30 451 226 1528890
458 458 51 230 2686170
482 482 483 22 2560866
484 22 485 6 32010
485 485 6 487 1417170
486 6 487 122 178242
488 122 489 70 2088030
494 494 165 62 2526810
498 498 499 10 1242510
499 499 10 501 2499990
500 10 501 502 1257510
506 506 39 254 2506218
510 510 511 2 260610
511 511 2 57 58254
512 2 57 514 29298
527 527 66 23 799986
528 66 23 530 402270
529 23 530 177 2157630
538 538 77 30 621390
539 77 30 541 1249710
548 274 183 110 2757810
566 566 21 142 843906
567 21 142 569 1696758
574 574 115 6 198030
575 115 6 577 398130
576 6 577 34 58854
578 34 579 290 2854470
592 74 593 66 1448106
623 623 78 5 242970
624 78 5 626 122070
625 5 626 627 1962510
638 638 213 10 679470
639 213 10 641 1365330
640 10 641 642 2057610
646 646 647 6 1253886
647 647 6 649 2519418
648 6 649 130 253110
674 674 15 26 131430
675 15 26 677 264030
684 114 685 14 546630
686 14 687 86 413574
700 70 701 78 1913730
702 78 703 22 603174
720 30 721 38 410970
724 362 145 66 1732170
727 727 182 3 396942
728 182 3 730 199290
729 3 730 731 1600890
734 734 105 46 1772610
750 30 751 94 1058910
766 766 767 6 1762566
768 6 769 770 1776390
782 782 87 14 476238
783 87 14 785 956130
799 799 10 267 2133330
800 10 267 802 1070670
808 202 809 30 2451270
831 831 26 119 2571114
832 26 119 834 1290198
840 210 29 842 2563890
845 65 282 77 1411410
846 282 77 106 1150842
862 862 863 6 2231718
864 6 865 866 2247270
880 110 881 42 2035110
959 959 30 31 891870
960 30 31 962 447330
970 970 971 6 2825610
972 6 973 974 2843106
998 998 111 10 553890
999 111 10 1001 1111110
1022 1022 1023 2 1045506
1023 1023 2 205 419430
1024 2 205 114 23370
1056 66 1057 46 1604526
1078 154 1079 30 2492490
1087 1087 34 33 1219614
1088 34 33 1090 611490
1125 15 1126 161 2719290
1150 230 1151 6 794190
1214 1214 15 38 345990
1215 15 38 1217 693690
1224 102 35 1226 2188410
1248 78 1249 10 487110
1250 10 417 626 1305210
1278 426 1279 10 2724270
1330 1330 11 222 1623930
1350 30 1351 26 526890
1368 114 37 1370 2889330
1375 55 86 51 241230
1444 38 85 1446 2335290
1456 182 1457 6 795522
1519 217 190 39 1607970
1566 174 1567 14 1908606
1664 26 555 238 1717170
1680 210 41 58 249690
1681 41 58 561 1334058
1920 30 1921 62 1786530
1998 222 1999 10 2218890
2023 119 506 15 903210
2048 2 2049 410 840090
2056 514 187 42 2018478
2176 34 2177 66 2442594
2302 2302 329 6 2272074
2399 2399 30 7 503790
2400 30 7 2402 252210
2430 30 2431 38 1385670
2888 38 321 170 1036830
3248 406 57 130 1504230
3968 62 21 3970 2584470
4373 4373 6 35 918330
4374 6 35 1094 114870
4800 30 4801 14 1008210
4912 614 17 546 2849574
5830 5830 119 6 2081310
6858 762 19 70 506730
7774 598 1555 6 2789670
8748 6 8749 70 1837290
9800 70 33 754 870870
13310 110 1479 26 2114970
